time = 20240711_1544
chop = False
T = 100
T_short = 100
r2 = tensor([0.1000])
args.n_steps = 5000
args.randomInit_train = True
args.randomInit_test = True
KnownRandInit_train = False
m1x_0 = tensor([[10.],
        [ 5.],
        [ 2.]])
m2x_0 = tensor([[25.,  0.,  0.],
        [ 0.,  4.,  0.],
        [ 0.,  0.,  9.]])
m2x_0_gen = tensor([[9., 0., 0.],
        [0., 9., 0.],
        [0., 0., 9.]])
std_gen = 3
std_feed = 20
test_target = tensor([[[ 1.4768e+00,  1.5314e+00,  1.7296e+00,  ..., -1.4783e+01,
          -1.3989e+01, -1.2744e+01],
         [ 1.5503e+00,  2.3298e+00,  3.1790e+00,  ..., -1.2500e+01,
          -8.9609e+00, -5.3112e+00],
         [-4.8738e-01, -3.7349e-01, -2.6533e-01,  ...,  3.9614e+01,
           4.1080e+01,  4.1326e+01]],

        [[ 2.9558e+00,  2.7847e+00,  2.9483e+00,  ...,  5.9795e-01,
           7.5424e-01,  9.3533e-01],
         [ 1.0965e+00,  2.7474e+00,  4.3659e+00,  ...,  1.1865e+00,
           1.4452e+00,  1.7884e+00],
         [-1.7398e+00, -1.5887e+00, -1.3859e+00,  ...,  6.0328e+00,
           5.7316e+00,  5.4771e+00]],

        [[ 6.6176e+00,  7.2810e+00,  8.4766e+00,  ..., -4.2841e+00,
          -3.2156e+00, -2.2825e+00],
         [ 8.4245e+00,  1.1814e+01,  1.5514e+01,  ...,  1.6778e+00,
           1.9099e+00,  1.9261e+00],
         [ 1.5675e+00,  2.6204e+00,  4.2512e+00,  ...,  3.0531e+01,
           2.8798e+01,  2.7245e+01]],

        ...,

        [[-1.5480e+02, -1.4297e+02, -7.6172e+01,  ..., -2.4630e-02,
          -3.8277e-02, -1.3359e-02],
         [-8.5115e+01, -9.3857e+01,  4.7155e+02,  ..., -8.5767e-02,
          -4.7509e-02, -8.2747e-02],
         [ 2.4449e+01,  2.6945e+02,  4.7058e+02,  ...,  2.1819e+01,
           2.0693e+01,  1.9613e+01]],

        [[-5.9833e+01, -5.7075e+01, -5.3766e+01,  ...,  5.5217e+00,
           5.8205e+00,  6.0494e+00],
         [-3.5165e+01, -5.3075e+01, -2.6596e+01,  ...,  7.0814e+00,
           7.2293e+00,  7.3754e+00],
         [ 1.1820e+01,  5.0970e+01,  1.0606e+02,  ...,  2.5791e+01,
           2.5235e+01,  2.4743e+01]],

        [[-7.9913e+01, -7.8734e+01, -8.5180e+01,  ...,  4.6663e-01,
           4.7358e-01,  5.4830e-01],
         [-3.1136e+01, -1.1215e+02, -1.1706e+02,  ...,  7.0690e-01,
           8.2973e-01,  9.8160e-01],
         [-2.4894e+01,  2.3618e+01,  2.0163e+02,  ...,  1.4462e+01,
           1.3748e+01,  1.3050e+01]]], device='cuda:0')
EKF_out = tensor([[[ 1.4700e+00,  1.5039e+00,  1.6508e+00,  ..., -1.4831e+01,
          -1.4080e+01, -1.2835e+01],
         [ 1.3567e+00,  2.2485e+00,  2.9941e+00,  ..., -1.2675e+01,
          -9.0879e+00, -5.4045e+00],
         [-6.5076e-01, -5.1448e-01, -3.8373e-01,  ...,  3.9569e+01,
           4.1100e+01,  4.1374e+01]],

        [[ 3.3850e+00,  3.1751e+00,  3.1685e+00,  ...,  6.5719e-01,
           7.8386e-01,  1.0217e+00],
         [ 1.0898e+00,  2.9532e+00,  4.5709e+00,  ...,  1.3261e+00,
           1.5858e+00,  2.0544e+00],
         [-1.7482e+00, -1.7062e+00, -1.3965e+00,  ...,  5.8781e+00,
           5.5972e+00,  5.3870e+00]],

        [[ 6.7354e+00,  7.3692e+00,  8.5697e+00,  ..., -4.2342e+00,
          -3.1462e+00, -2.2474e+00],
         [ 8.2485e+00,  1.1585e+01,  1.5455e+01,  ...,  1.7218e+00,
           1.8704e+00,  1.8632e+00],
         [ 1.2291e+00,  2.6685e+00,  4.2518e+00,  ...,  3.0619e+01,
           2.8930e+01,  2.7320e+01]],

        ...,

        [[-1.5474e+02, -1.4260e+02, -7.6063e+01,  ..., -9.5081e-02,
          -6.2909e-02, -6.6315e-02],
         [-8.5249e+01, -9.3365e+01,  4.7179e+02,  ..., -1.3215e-01,
          -7.7399e-02, -8.7503e-02],
         [ 2.4904e+01,  2.6938e+02,  4.6985e+02,  ...,  2.1836e+01,
           2.0681e+01,  1.9626e+01]],

        [[-5.9933e+01, -5.7151e+01, -5.3885e+01,  ...,  5.4496e+00,
           5.7657e+00,  6.0432e+00],
         [-3.4716e+01, -5.3251e+01, -2.6895e+01,  ...,  7.0923e+00,
           7.2002e+00,  7.3744e+00],
         [ 1.1107e+01,  5.0491e+01,  1.0585e+02,  ...,  2.5751e+01,
           2.5223e+01,  2.4737e+01]],

        [[-7.9422e+01, -7.8454e+01, -8.5124e+01,  ...,  3.9784e-01,
           4.7242e-01,  5.7399e-01],
         [-3.1134e+01, -1.1235e+02, -1.1759e+02,  ...,  6.3654e-01,
           7.8769e-01,  9.5697e-01],
         [-2.5016e+01,  2.3351e+01,  2.0129e+02,  ...,  1.4459e+01,
           1.3693e+01,  1.2988e+01]]], device='cuda:0')
EKF_out_partial = tensor([[[ 1.4360e+00,  1.4733e+00,  1.6264e+00,  ..., -1.4799e+01,
          -1.4050e+01, -1.2813e+01],
         [ 1.3915e+00,  2.2690e+00,  3.0043e+00,  ..., -1.2797e+01,
          -9.2339e+00, -5.5756e+00],
         [-6.5262e-01, -5.0721e-01, -3.7246e-01,  ...,  3.9584e+01,
           4.1121e+01,  4.1414e+01]],

        [[ 3.3370e+00,  3.1315e+00,  3.1329e+00,  ...,  6.2341e-01,
           7.5115e-01,  9.8986e-01],
         [ 1.1752e+00,  3.0198e+00,  4.6146e+00,  ...,  1.2432e+00,
           1.5059e+00,  1.9769e+00],
         [-1.7876e+00, -1.7264e+00, -1.4011e+00,  ...,  5.8716e+00,
           5.5910e+00,  5.3804e+00]],

        [[ 6.6173e+00,  7.2712e+00,  8.4865e+00,  ..., -4.2719e+00,
          -3.1934e+00, -2.3029e+00],
         [ 8.3379e+00,  1.1631e+01,  1.5465e+01,  ...,  1.5425e+00,
           1.6925e+00,  1.6866e+00],
         [ 1.2544e+00,  2.7083e+00,  4.3032e+00,  ...,  3.0728e+01,
           2.9040e+01,  2.7428e+01]],

        ...,

        [[-1.5286e+02, -1.3904e+02, -7.5104e+01,  ..., -1.7850e-01,
          -1.4711e-01, -1.5073e-01],
         [-8.8234e+01, -9.6089e+01,  4.6325e+02,  ..., -3.1577e-01,
          -2.6119e-01, -2.7184e-01],
         [ 2.6091e+01,  2.7096e+02,  4.7627e+02,  ...,  2.1831e+01,
           2.0677e+01,  1.9622e+01]],

        [[-5.9152e+01, -5.6173e+01, -5.2991e+01,  ...,  5.3399e+00,
           5.6594e+00,  5.9420e+00],
         [-3.5896e+01, -5.4207e+01, -2.8178e+01,  ...,  6.8925e+00,
           7.0113e+00,  7.1991e+00],
         [ 1.1538e+01,  5.0991e+01,  1.0611e+02,  ...,  2.5705e+01,
           2.5155e+01,  2.4651e+01]],

        [[-7.9322e+01, -7.7892e+01, -8.4534e+01,  ...,  3.1913e-01,
           3.9586e-01,  5.0109e-01],
         [-3.2053e+01, -1.1250e+02, -1.1797e+02,  ...,  4.6281e-01,
           6.1791e-01,  7.9359e-01],
         [-2.4175e+01,  2.3993e+01,  2.0057e+02,  ...,  1.4450e+01,
           1.3684e+01,  1.2977e+01]]], device='cuda:0')
KNet_out = tensor([[[ 1.5205e+00,  1.5830e+00,  1.7550e+00,  ..., -1.4646e+01,
          -1.3917e+01, -1.2687e+01],
         [ 1.5418e+00,  2.3718e+00,  3.2342e+00,  ..., -1.2680e+01,
          -9.0533e+00, -5.3336e+00],
         [-4.9226e-01, -4.3247e-01, -3.5442e-01,  ...,  3.9764e+01,
           4.1359e+01,  4.1550e+01]],

        [[ 2.9489e+00,  2.7715e+00,  2.9338e+00,  ...,  6.0508e-01,
           7.3633e-01,  1.0304e+00],
         [ 1.1501e+00,  2.8261e+00,  4.4241e+00,  ...,  1.1454e+00,
           1.4129e+00,  1.7996e+00],
         [-1.7254e+00, -1.5866e+00, -1.3438e+00,  ...,  5.8352e+00,
           5.5488e+00,  5.3909e+00]],

        [[ 6.5521e+00,  7.2281e+00,  8.4011e+00,  ..., -4.2437e+00,
          -3.1753e+00, -2.3249e+00],
         [ 8.4064e+00,  1.1809e+01,  1.5493e+01,  ...,  1.9365e+00,
           2.0911e+00,  2.0707e+00],
         [ 1.5713e+00,  2.6454e+00,  4.2919e+00,  ...,  3.0644e+01,
           2.8930e+01,  2.7274e+01]],

        ...,

        [[-1.5495e+02, -1.4324e+02, -7.6103e+01,  ..., -1.7397e-01,
          -1.0201e-01, -6.8322e-02],
         [-8.4964e+01, -9.3415e+01,  4.7227e+02,  ..., -1.0633e-01,
          -6.7400e-02, -7.2253e-02],
         [ 2.4469e+01,  2.6937e+02,  4.7090e+02,  ...,  2.1598e+01,
           2.0522e+01,  1.9524e+01]],

        [[-5.9905e+01, -5.7118e+01, -5.3862e+01,  ...,  5.4625e+00,
           5.7709e+00,  6.0385e+00],
         [-3.5107e+01, -5.2970e+01, -2.6387e+01,  ...,  6.9905e+00,
           7.0878e+00,  7.2614e+00],
         [ 1.1797e+01,  5.1020e+01,  1.0615e+02,  ...,  2.5912e+01,
           2.5390e+01,  2.4876e+01]],

        [[-7.9899e+01, -7.8731e+01, -8.5359e+01,  ...,  3.6801e-01,
           4.0308e-01,  5.2660e-01],
         [-3.1136e+01, -1.1199e+02, -1.1677e+02,  ...,  5.2904e-01,
           6.2799e-01,  7.9288e-01],
         [-2.4881e+01,  2.3604e+01,  2.0131e+02,  ...,  1.4501e+01,
           1.3726e+01,  1.3055e+01]]], device='cuda:0', grad_fn=<CopySlices>)
MSE_test_dB_avg = -10.776426315307617
MSE_train_dB_epoch = tensor([21.0180, 20.6846, 24.9266,  ...,  0.0000,  0.0000,  0.0000])
MSE_cv_dB_epoch = tensor([20.6164, 21.5484, 19.1654,  ...,  0.0000,  0.0000,  0.0000])
