time = 20240705_0837
chop = True
T = 100
T_short = 30
r2 = tensor([0.1000])
args.n_steps = 4000
args.randomInit_train = True
args.randomInit_test = True
KnownRandInit_train = False
m1x_0 = tensor([[20.],
        [ 5.],
        [ 1.]])
m2x_0 = tensor([[400.,   0.,   0.],
        [  0., 400.,   0.],
        [  0.,   0., 400.]])
m2x_0_gen = tensor([[9., 0., 0.],
        [0., 9., 0.],
        [0., 0., 9.]])
std_gen = 3
std_feed = 20
test_target = tensor([[[  1.8931,   2.5189,   3.2487,  ...,   9.9164,   8.7924,   7.6531],
         [  4.9230,   5.9049,   7.1864,  ...,   4.5859,   3.1484,   2.0756],
         [  4.5895,   4.5559,   4.6071,  ...,  35.1344,  34.1057,  32.8230]],

        [[  0.4040,   0.9872,   1.5581,  ..., -11.6718, -10.3785,  -9.0110],
         [  3.6173,   3.9148,   4.5581,  ...,  -5.9326,  -3.6782,  -1.8672],
         [  0.1367,   0.1812,   0.2913,  ...,  37.7878,  37.0582,  35.7666]],

        [[ -0.2516,  -0.6247,  -0.9923,  ...,   9.8956,  10.1644,  10.3938],
         [ -2.2271,  -2.4207,  -2.8262,  ...,  11.4939,  11.4713,  11.2473],
         [  1.7588,   1.7180,   1.6869,  ...,  27.0428,  27.8819,  28.7212]],

        ...,

        [[  7.8746,   8.6124,  10.1082,  ...,  10.3751,   7.9479,   5.5888],
         [  9.5794,  14.3096,  19.3301,  ...,  -1.6000,  -4.1734,  -5.6804],
         [ -2.6005,  -0.9253,   1.7376,  ...,  42.1674,  39.7168,  37.1314]],

        [[  5.8013,   6.1110,   6.7529,  ...,   6.7309,   7.1446,   7.5399],
         [  5.7951,   8.5281,  11.4191,  ...,   8.4788,   9.1078,   9.7750],
         [  3.2970,   3.8186,   4.6244,  ...,  22.2734,  22.2365,  22.4021]],

        [[  1.4104,   1.8070,   2.2848,  ..., -12.4708, -11.1197,  -9.6098],
         [  3.1560,   4.0088,   5.0620,  ...,  -6.6144,  -3.8698,  -1.5938],
         [  0.3729,   0.4647,   0.5441,  ...,  39.1261,  38.6331,  37.4262]]],
       device='cuda:0')
EKF_out = tensor([[[  1.9473,   2.4011,   3.2243,  ...,   9.9474,   8.8369,   7.7132],
         [  4.7638,   5.6679,   7.0627,  ...,   4.6206,   3.1914,   2.1098],
         [  4.5147,   4.5036,   4.6079,  ...,  35.1972,  34.1959,  32.9160]],

        [[  0.6704,   1.0796,   1.6355,  ..., -11.6397, -10.3845,  -8.9848],
         [  3.3930,   3.9200,   4.5064,  ...,  -5.9289,  -3.6866,  -1.8568],
         [ -0.1384,   0.3005,   0.4097,  ...,  37.8392,  37.1517,  35.8688]],

        [[  0.2293,  -0.5190,  -1.0109,  ...,   9.9048,  10.2168,  10.3887],
         [ -2.6166,  -2.8684,  -3.1868,  ...,  11.4001,  11.4187,  11.1620],
         [  2.0779,   1.7354,   1.6459,  ...,  27.0620,  27.9542,  28.7432]],

        ...,

        [[  8.0336,   8.6160,   9.9032,  ...,  10.4825,   8.0385,   5.6591],
         [  9.7894,  14.2338,  18.8622,  ...,  -1.6233,  -4.2036,  -5.7149],
         [ -2.0179,  -0.6317,   1.7167,  ...,  42.2436,  39.7667,  37.1683]],

        [[  5.9334,   6.1307,   6.7851,  ...,   6.8623,   7.1913,   7.5765],
         [  5.7170,   8.4062,  11.1856,  ...,   8.5007,   9.0664,   9.7120],
         [  3.5483,   3.8662,   4.6598,  ...,  22.2850,  22.2872,  22.3833]],

        [[  1.5944,   2.0440,   2.2476,  ..., -12.3733, -11.0277,  -9.5034],
         [  3.5056,   4.5344,   5.2462,  ...,  -6.4118,  -3.6741,  -1.4535],
         [  1.1786,   0.5986,   0.6948,  ...,  39.2375,  38.6568,  37.3920]]],
       device='cuda:0')
EKF_out_partial = tensor([[[  1.9452,   2.3891,   3.2054,  ...,   9.9933,   8.8801,   7.7518],
         [  4.7189,   5.6216,   7.0151,  ...,   4.5798,   3.1326,   2.0368],
         [  4.5625,   4.5550,   4.6598,  ...,  35.2008,  34.1947,  32.9060]],

        [[  0.6095,   1.0293,   1.5966,  ..., -11.6165, -10.3696,  -8.9816],
         [  3.4059,   3.9095,   4.4898,  ...,  -6.0763,  -3.8491,  -2.0296],
         [ -0.0908,   0.3505,   0.4537,  ...,  37.8775,  37.2035,  35.9375]],

        [[  0.3109,  -0.4563,  -0.9649,  ...,   9.9097,  10.2290,  10.4068],
         [ -2.6475,  -2.8827,  -3.1929,  ...,  11.4068,  11.4294,  11.1728],
         [  2.0277,   1.6896,   1.6047,  ...,  26.9876,  27.8948,  28.6975]],

        ...,

        [[  7.8276,   8.4457,   9.7718,  ...,  10.5293,   8.0839,   5.6993],
         [  9.9611,  14.3300,  18.8987,  ...,  -1.7016,  -4.3055,  -5.8355],
         [ -1.9866,  -0.5776,   1.7785,  ...,  42.2198,  39.7244,  37.1072]],

        [[  5.8966,   6.0886,   6.7449,  ...,   6.8581,   7.1880,   7.5734],
         [  5.7579,   8.4326,  11.1944,  ...,   8.4722,   9.0393,   9.6862],
         [  3.5435,   3.8803,   4.6857,  ...,  22.2194,  22.2263,  22.3282]],

        [[  1.5547,   1.9999,   2.2082,  ..., -12.3482, -11.0133,  -9.5019],
         [  3.5120,   4.5384,   5.2335,  ...,  -6.5707,  -3.8515,  -1.6426],
         [  1.2117,   0.6354,   0.7358,  ...,  39.2671,  38.7060,  37.4631]]],
       device='cuda:0')
KNet_out = tensor([[[ 15.8855,  13.2699,  11.6525,  ...,   9.9124,   8.7891,   7.6473],
         [ 12.3805,  16.3128,  17.8401,  ...,   4.6076,   3.1223,   2.0270],
         [  3.8147,   8.1894,  12.2244,  ...,  35.2782,  34.2323,  32.8904]],

        [[ 15.5547,  12.2587,  10.1890,  ..., -11.6964, -10.4165,  -9.0250],
         [ 12.0259,  15.9073,  16.9383,  ...,  -5.6734,  -3.4453,  -1.6602],
         [  2.9346,   6.8370,  10.4384,  ...,  37.8318,  37.1630,  35.8453]],

        [[ 15.2450,  11.1698,   7.1458,  ...,   9.8973,  10.2257,  10.3772],
         [ 11.6131,  13.7050,  12.4192,  ...,  11.4361,  11.4604,  11.1907],
         [  3.3593,   7.4825,  10.9886,  ...,  27.1660,  27.9942,  28.8235]],

        ...,

        [[ 16.7625,  15.0885,  14.5892,  ...,  10.3616,   7.9439,   5.5922],
         [ 13.2292,  19.2621,  23.6237,  ...,  -1.7189,  -4.1941,  -5.6534],
         [  2.2469,   5.7221,  10.4103,  ...,  42.0842,  39.5917,  37.0535]],

        [[ 16.3494,  14.1957,  12.9510,  ...,   6.9758,   7.2615,   7.6278],
         [ 12.8342,  17.6919,  20.3231,  ...,   8.6870,   9.2248,   9.8072],
         [  3.4220,   7.6409,  12.0975,  ...,  22.2867,  22.4452,  22.5397]],

        [[ 15.6761,  13.0625,  10.2471,  ..., -12.5187, -11.1274,  -9.5933],
         [ 12.1767,  15.4767,  16.4950,  ...,  -6.1119,  -3.3357,  -1.2322],
         [  3.1435,   6.7511,  10.3132,  ...,  39.4037,  38.7725,  37.4987]]],
       device='cuda:0', grad_fn=<CopySlices>)
MSE_test_linear_arr = tensor([ 6.6888,  7.8624,  7.8363,  7.7513,  7.8696,  8.1541,  8.2871,  8.1717,
         7.2694,  5.3920,  8.8199,  6.9941,  7.4565,  9.2899,  9.1251, 13.7501,
         7.9338,  5.5639,  5.9419,  7.0925, 11.4155,  8.5138,  7.3858,  8.4663,
         5.5318,  8.4302, 10.4250,  6.6892,  9.4100, 11.0649,  8.5400,  7.5805,
         7.4699,  7.3179,  7.3237,  7.9860,  7.4230,  7.0951,  8.2042, 14.0192,
         8.0760,  8.5263,  7.5855,  8.3165,  7.5674,  8.0089,  7.4126,  8.9803,
         6.1176,  5.3256,  6.8791,  7.9992,  8.2258,  7.0727,  5.7270,  9.2634,
         8.4758,  6.5054,  9.0585,  7.7126,  5.3307,  8.4691,  7.8613,  9.3457,
         8.4593,  8.1238,  7.4456,  6.2232,  9.8696, 12.5130,  6.2339,  8.3972,
         5.3364,  7.6215,  9.3803,  9.4156,  6.7893,  7.4429,  6.5644,  8.1841,
         7.8230,  8.7531,  6.9871,  4.7815,  7.1648,  6.0768,  7.9314,  7.0851,
         6.6454,  8.0978,  8.8916,  6.1660,  6.7037,  6.2375,  7.5227,  8.2725,
         7.0226,  8.0779,  6.1065,  7.8624,  9.4206,  8.1678, 14.0322,  7.5117,
         8.4050,  6.9332,  7.8527,  6.7747,  6.5390,  7.8194,  7.6875,  8.5122,
         8.0086,  5.3469,  8.0860,  7.6974,  9.7332,  8.3207,  8.2270,  7.6320,
         6.5090,  5.8368,  8.1910,  5.8783,  7.8527,  9.1752,  5.7683,  8.3264,
         5.2453,  6.4918,  7.6381,  7.9353,  7.9499, 10.9295,  7.3074,  9.1359,
         7.5857,  7.7548,  9.1323,  7.1957,  9.6665,  8.0795,  8.4724,  7.9054,
         6.9431,  6.9021,  8.5710,  6.9023,  7.7800,  8.6240,  7.8560,  8.0484,
         8.0318,  8.8192,  7.8951,  7.8371,  7.6122,  7.5493,  7.7416,  8.5759,
         6.5310, 10.1363,  7.4444,  7.2743,  9.3814,  7.1359,  8.0370,  8.3071,
         9.7804,  8.1018,  9.4757,  9.0280,  8.6883,  6.2409,  7.8469,  7.9296,
         9.7383,  9.0220,  8.4533,  9.1540,  8.3784,  8.7873,  3.0024,  6.3438,
         7.3597,  8.4096,  6.6325,  8.1432,  6.8736,  7.6155,  7.9558,  8.8475,
         7.4393,  8.3838,  7.8609,  7.7636,  8.6373,  3.4755,  4.7942,  7.2608])
MSE_test_linear_avg = 7.8481292724609375
MSE_test_dB_avg = 8.947661399841309
MSE_train_dB_epoch = tensor([  5.0006,   3.1100,  -3.5826,  ..., -20.2662, -20.1952, -19.4661])
MSE_cv_dB_epoch = tensor([30.3604, 28.8490, 27.6251,  ..., 14.8547, 14.8629, 14.8757])
