time = 20240711_1411
chop = False
T = 100
T_short = 100
r2 = tensor([0.1000])
args.n_steps = 1200
args.randomInit_train = True
args.randomInit_test = True
KnownRandInit_train = False
m1x_0 = tensor([[10.],
        [ 5.],
        [ 2.]])
m2x_0 = tensor([[25.,  0.,  0.],
        [ 0.,  4.,  0.],
        [ 0.,  0.,  9.]])
m2x_0_gen = tensor([[9., 0., 0.],
        [0., 9., 0.],
        [0., 0., 9.]])
std_gen = 3
std_feed = 20
test_target = tensor([[[ 6.3743e-01,  6.4732e-01,  7.0239e-01,  ..., -1.2082e+01,
          -1.2619e+01, -1.2929e+01],
         [ 4.4322e-01,  7.6472e-01,  1.1473e+00,  ..., -1.5114e+01,
          -1.4695e+01, -1.3717e+01],
         [ 6.7938e-01,  6.7694e-01,  6.9460e-01,  ...,  2.8391e+01,
           3.0555e+01,  3.2638e+01]],

        [[ 4.3513e+00,  4.8521e+00,  5.7668e+00,  ..., -9.2157e+00,
          -8.4573e+00, -7.7638e+00],
         [ 6.2580e+00,  8.5815e+00,  1.1087e+01,  ..., -5.8500e+00,
          -4.9907e+00, -4.4307e+00],
         [ 1.7052e+00,  2.1308e+00,  2.8853e+00,  ...,  3.2050e+01,
           3.1390e+01,  3.0547e+01]],

        [[ 1.4350e+01,  1.5041e+01,  1.6649e+01,  ..., -2.1180e+00,
          -1.5870e+00, -1.1590e+00],
         [ 1.4776e+01,  2.0920e+01,  2.6328e+01,  ...,  9.3154e-01,
           8.8287e-01,  7.7161e-01],
         [ 5.6015e+00,  9.4690e+00,  1.5426e+01,  ...,  2.5747e+01,
           2.4338e+01,  2.3118e+01]],

        ...,

        [[-1.5305e+02, -1.4169e+02, -7.4669e+01,  ...,  2.6904e-02,
           1.0253e-02, -4.3942e-02],
         [-8.7176e+01, -9.3736e+01,  4.7466e+02,  ..., -1.3666e-01,
          -1.3480e-01, -1.2696e-01],
         [ 2.5151e+01,  2.7345e+02,  4.7174e+02,  ...,  2.1477e+01,
           2.0355e+01,  1.9322e+01]],

        [[-6.3539e+01, -6.2312e+01, -5.8399e+01,  ...,  1.5140e+01,
           1.2286e+01,  9.0257e+00],
         [-4.6568e+01, -6.6209e+01, -1.7129e+01,  ...,  2.4790e+00,
          -3.4664e+00, -7.6663e+00],
         [ 1.1374e+01,  6.7510e+01,  1.4273e+02,  ...,  4.9885e+01,
           4.7981e+01,  4.4797e+01]],

        [[-8.3379e+01, -8.0718e+01, -8.8594e+01,  ..., -1.7240e-02,
           3.4231e-03, -3.0349e-02],
         [-2.3312e+01, -1.1063e+02, -1.3685e+02,  ..., -8.8245e-02,
          -8.2573e-02, -1.0674e-01],
         [-2.7011e+01,  1.0980e+01,  1.9217e+02,  ...,  1.7489e+01,
           1.6553e+01,  1.5722e+01]]], device='cuda:0')
EKF_out = tensor([[[ 7.1752e-01,  7.1074e-01,  8.2765e-01,  ..., -1.2118e+01,
          -1.2570e+01, -1.2833e+01],
         [ 5.9599e-02,  6.1059e-01,  1.1576e+00,  ..., -1.5064e+01,
          -1.4560e+01, -1.3569e+01],
         [ 7.4616e-01,  5.7955e-01,  6.2611e-01,  ...,  2.8715e+01,
           3.0784e+01,  3.2769e+01]],

        [[ 4.6583e+00,  5.3024e+00,  5.9515e+00,  ..., -9.2017e+00,
          -8.5166e+00, -7.8353e+00],
         [ 5.9539e+00,  8.6520e+00,  1.1081e+01,  ..., -5.7988e+00,
          -4.9844e+00, -4.3807e+00],
         [ 2.0516e+00,  2.4622e+00,  3.1850e+00,  ...,  3.2128e+01,
           3.1429e+01,  3.0625e+01]],

        [[ 1.4151e+01,  1.4770e+01,  1.6436e+01,  ..., -2.1571e+00,
          -1.5779e+00, -1.1605e+00],
         [ 1.5053e+01,  2.1225e+01,  2.6448e+01,  ...,  9.6687e-01,
           8.9897e-01,  7.5300e-01],
         [ 5.8911e+00,  9.6054e+00,  1.5494e+01,  ...,  2.5685e+01,
           2.4327e+01,  2.3010e+01]],

        ...,

        [[-1.5266e+02, -1.4184e+02, -7.4736e+01,  ..., -5.1210e-02,
          -7.9607e-02, -1.1737e-01],
         [-8.7171e+01, -9.4647e+01,  4.7398e+02,  ..., -7.9239e-02,
          -1.1828e-01, -1.6366e-01],
         [ 2.4791e+01,  2.7345e+02,  4.7303e+02,  ...,  2.1327e+01,
           2.0212e+01,  1.9170e+01]],

        [[-6.3176e+01, -6.2330e+01, -5.8306e+01,  ...,  1.5211e+01,
           1.2314e+01,  9.0197e+00],
         [-4.6103e+01, -6.6119e+01, -1.7446e+01,  ...,  2.4871e+00,
          -3.5444e+00, -7.7136e+00],
         [ 1.1281e+01,  6.7215e+01,  1.4232e+02,  ...,  4.9933e+01,
           4.8025e+01,  4.4784e+01]],

        [[-8.3286e+01, -8.0530e+01, -8.8500e+01,  ..., -7.4117e-02,
          -7.8024e-02, -8.3044e-02],
         [-2.3276e+01, -1.1050e+02, -1.3695e+02,  ..., -1.2208e-01,
          -1.0573e-01, -1.3278e-01],
         [-2.7124e+01,  1.0895e+01,  1.9188e+02,  ...,  1.7517e+01,
           1.6580e+01,  1.5735e+01]]], device='cuda:0')
EKF_out_partial = tensor([[[ 7.2954e-01,  7.1469e-01,  8.2834e-01,  ..., -1.2108e+01,
          -1.2550e+01, -1.2806e+01],
         [ 5.9641e-02,  6.1305e-01,  1.1588e+00,  ..., -1.5133e+01,
          -1.4626e+01, -1.3640e+01],
         [ 7.3427e-01,  5.7428e-01,  6.2481e-01,  ...,  2.8780e+01,
           3.0837e+01,  3.2810e+01]],

        [[ 4.5934e+00,  5.2373e+00,  5.8934e+00,  ..., -9.1871e+00,
          -8.5084e+00, -7.8328e+00],
         [ 5.9960e+00,  8.6732e+00,  1.1077e+01,  ..., -5.9234e+00,
          -5.1159e+00, -4.5166e+00],
         [ 2.0727e+00,  2.4987e+00,  3.2305e+00,  ...,  3.2177e+01,
           3.1485e+01,  3.0687e+01]],

        [[ 1.3998e+01,  1.4633e+01,  1.6328e+01,  ..., -2.2157e+00,
          -1.6423e+00, -1.2289e+00],
         [ 1.5188e+01,  2.1291e+01,  2.6452e+01,  ...,  7.9690e-01,
           7.2890e-01,  5.8288e-01],
         [ 5.9048e+00,  9.6634e+00,  1.5561e+01,  ...,  2.5792e+01,
           2.4429e+01,  2.3105e+01]],

        ...,

        [[-1.5076e+02, -1.3835e+02, -7.3875e+01,  ..., -1.3526e-01,
          -1.6380e-01, -2.0188e-01],
         [-9.0117e+01, -9.7493e+01,  4.6530e+02,  ..., -2.6370e-01,
          -3.0278e-01, -3.4881e-01],
         [ 2.5909e+01,  2.7488e+02,  4.7961e+02,  ...,  2.1322e+01,
           2.0207e+01,  1.9166e+01]],

        [[-6.2207e+01, -6.1121e+01, -5.7369e+01,  ...,  1.5252e+01,
           1.2362e+01,  9.0696e+00],
         [-4.7331e+01, -6.7284e+01, -1.9624e+01,  ...,  2.4383e+00,
          -3.6282e+00, -7.8303e+00],
         [ 1.1570e+01,  6.7389e+01,  1.4235e+02,  ...,  4.9916e+01,
           4.7996e+01,  4.4729e+01]],

        [[-8.3352e+01, -8.0185e+01, -8.8012e+01,  ..., -1.5730e-01,
          -1.6079e-01, -1.6377e-01],
         [-2.4231e+01, -1.1052e+02, -1.3672e+02,  ..., -3.0426e-01,
          -2.8717e-01, -3.1165e-01],
         [-2.6081e+01,  1.1846e+01,  1.9141e+02,  ...,  1.7515e+01,
           1.6578e+01,  1.5734e+01]]], device='cuda:0')
KNet_out = tensor([[[ 6.4786e-01,  6.3206e-01,  6.6619e-01,  ..., -1.2148e+01,
          -1.2648e+01, -1.2921e+01],
         [ 3.5244e-01,  6.9539e-01,  1.1333e+00,  ..., -1.5160e+01,
          -1.4662e+01, -1.3655e+01],
         [ 6.7577e-01,  6.1337e-01,  6.3392e-01,  ...,  2.8760e+01,
           3.0904e+01,  3.2919e+01]],

        [[ 4.2863e+00,  4.8354e+00,  5.7848e+00,  ..., -9.2188e+00,
          -8.4545e+00, -7.7308e+00],
         [ 6.3531e+00,  8.7234e+00,  1.1149e+01,  ..., -5.5897e+00,
          -4.9318e+00, -4.3895e+00],
         [ 1.7055e+00,  2.2366e+00,  3.0084e+00,  ...,  3.2210e+01,
           3.1421e+01,  3.0592e+01]],

        [[ 1.4292e+01,  1.4952e+01,  1.6542e+01,  ..., -2.2141e+00,
          -1.6469e+00, -1.1571e+00],
         [ 1.4874e+01,  2.1035e+01,  2.6345e+01,  ...,  9.0450e-01,
           9.6208e-01,  7.2338e-01],
         [ 5.6164e+00,  9.5507e+00,  1.5487e+01,  ...,  2.5790e+01,
           2.4440e+01,  2.3053e+01]],

        ...,

        [[-1.5296e+02, -1.4187e+02, -7.4907e+01,  ...,  4.8647e-02,
           4.0561e-02,  1.7025e-02],
         [-8.7417e+01, -9.4545e+01,  4.7393e+02,  ..., -8.3711e-02,
          -1.5315e-01, -2.3150e-01],
         [ 2.5090e+01,  2.7378e+02,  4.7446e+02,  ...,  2.1277e+01,
           2.0154e+01,  1.9133e+01]],

        [[-6.3567e+01, -6.2393e+01, -5.8501e+01,  ...,  1.5097e+01,
           1.2232e+01,  8.9983e+00],
         [-4.6606e+01, -6.6390e+01, -1.7369e+01,  ...,  2.4560e+00,
          -3.4184e+00, -7.5617e+00],
         [ 1.1375e+01,  6.7514e+01,  1.4306e+02,  ...,  4.9658e+01,
           4.7782e+01,  4.4568e+01]],

        [[-8.3368e+01, -8.0734e+01, -8.8583e+01,  ..., -6.9205e-02,
          -4.4076e-02, -6.1325e-02],
         [-2.3401e+01, -1.1045e+02, -1.3665e+02,  ..., -1.2607e-02,
          -7.3219e-02, -2.8926e-02],
         [-2.6926e+01,  1.1091e+01,  1.9186e+02,  ...,  1.7433e+01,
           1.6457e+01,  1.5665e+01]]], device='cuda:0', grad_fn=<CopySlices>)
MSE_test_linear_arr = tensor([0.0145, 0.0132, 0.0275, 0.0335, 0.0227, 0.0184, 0.0948, 0.1510, 0.0451,
        0.2450, 0.0240, 0.0216, 0.0234, 0.0106, 0.0205, 0.0142, 0.1054, 0.1371,
        0.0543, 0.0521, 0.0270, 0.0170, 0.0263, 0.0174, 0.0107, 0.0242, 0.0766,
        0.1548, 0.0311, 0.0438, 0.0749, 0.0146, 0.0295, 0.0240, 0.0234, 0.0165,
        0.0666, 0.1334, 0.0414, 0.1099, 0.0165, 0.0206, 0.0109, 0.0182, 0.0231,
        0.0113, 0.0598, 0.1650, 0.0374, 0.1750, 0.0108, 0.0226, 0.0404, 0.0120,
        0.0267, 0.0125, 0.1726, 0.1480, 0.0349, 0.2690, 0.0258, 0.0245, 0.0106,
        0.0213, 0.0314, 0.0287, 0.0589, 0.1937, 0.0664, 0.0828, 0.0226, 0.0325,
        0.0178, 0.0120, 0.0409, 0.0322, 0.0959, 0.2266, 0.0591, 0.0817, 0.0233,
        0.0299, 0.0181, 0.0297, 0.0214, 0.0277, 0.0647, 0.3574, 0.0452, 0.1434,
        0.0158, 0.0187, 0.0183, 0.0234, 0.0245, 0.0189, 0.1084, 0.2824, 0.0579,
        0.0817, 0.1170, 0.0524, 0.0112, 0.0167, 0.0265, 0.0193, 0.1353, 0.4688,
        0.0623, 0.0530, 0.0153, 0.0144, 0.0197, 0.0324, 0.0223, 0.0256, 0.0780,
        0.1299, 0.0525, 0.1027, 0.0286, 0.0300, 0.0252, 0.0301, 0.0263, 0.0260,
        0.0490, 0.4323, 0.0330, 0.0539, 0.0214, 0.0109, 0.0146, 0.0206, 0.0219,
        0.0347, 0.0832, 0.2471, 0.0396, 0.0821, 0.0199, 0.0267, 0.0172, 0.0200,
        0.0579, 0.0229, 0.0887, 0.1420, 0.0390, 0.0534, 0.0202, 0.0341, 0.0347,
        0.0188, 0.0262, 0.0228, 0.1071, 0.1329, 0.0315, 0.0792, 0.0237, 0.0213,
        0.0231, 0.0099, 0.0149, 0.0203, 0.0895, 0.1164, 0.0306, 0.0687, 0.0144,
        0.0183, 0.0280, 0.0188, 0.0129, 0.0230, 0.1174, 0.1225, 0.0555, 0.1354,
        0.0157, 0.0218, 0.0180, 0.0146, 0.0127, 0.0165, 0.1111, 0.0845, 0.0357,
        0.2445, 0.0161, 0.0172, 0.0261, 0.0189, 0.0239, 0.0196, 0.0592, 0.1485,
        0.0379, 0.0990])
MSE_test_linear_avg = 0.05861575901508331
MSE_test_dB_avg = -12.319855690002441
MSE_train_dB_epoch = tensor([ 20.1793,  23.4639,  17.8264,  ..., -10.6061, -13.0439, -12.9164])
MSE_cv_dB_epoch = tensor([ 20.5214,  18.9366,  17.5878,  ..., -12.2936, -12.2812, -12.2787])
