time = 20240712_2144
chop = False
T = 100
T_short = 100
r2 = tensor([0.1000])
args.n_steps = 5000
args.randomInit_train = True
args.randomInit_test = True
KnownRandInit_train = False
m1x_0 = tensor([[-50.],
        [ -5.],
        [  1.]])
m2x_0 = tensor([[9., 0., 0.],
        [0., 9., 0.],
        [0., 0., 9.]])
m2x_0_gen = tensor([[9., 0., 0.],
        [0., 9., 0.],
        [0., 0., 9.]])
std_gen = 3
std_feed = 3
test_target = tensor([[[ 1.1029e+00,  1.4102e+00,  1.7517e+00,  ..., -1.3461e+01,
          -1.2322e+01, -1.0807e+01],
         [ 2.4397e+00,  3.0721e+00,  3.9435e+00,  ..., -8.7593e+00,
          -5.5865e+00, -2.7981e+00],
         [-1.7572e-01, -1.3543e-01, -6.8815e-02,  ...,  3.9667e+01,
           3.9808e+01,  3.9026e+01]],

        [[ 4.5162e+00,  4.6047e+00,  5.1032e+00,  ..., -9.7530e+00,
          -9.1361e+00, -8.4630e+00],
         [ 3.6128e+00,  5.8822e+00,  8.2429e+00,  ..., -6.8941e+00,
          -5.9052e+00, -5.0813e+00],
         [ 1.4695e+00,  1.7408e+00,  2.2011e+00,  ...,  3.2366e+01,
           3.1954e+01,  3.1340e+01]],

        [[ 5.2295e+00,  6.2534e+00,  7.4913e+00,  ..., -7.9586e+00,
          -5.6182e+00, -3.5333e+00],
         [ 8.9005e+00,  1.1758e+01,  1.5151e+01,  ...,  4.0386e+00,
           5.5025e+00,  6.2464e+00],
         [ 4.3275e-01,  1.3759e+00,  2.8975e+00,  ...,  3.9607e+01,
           3.6955e+01,  3.4566e+01]],

        ...,

        [[-1.5533e+02, -1.4832e+02, -7.8471e+01,  ...,  1.4476e-01,
           1.3341e-01,  6.4854e-02],
         [-9.6401e+01, -1.3585e+02,  5.2377e+02,  ...,  1.3904e-01,
           1.9537e-01,  2.3488e-01],
         [ 1.4175e+01,  2.9708e+02,  6.0741e+02,  ...,  2.0035e+01,
           1.8959e+01,  1.7981e+01]],

        [[-6.4757e+01, -6.3996e+01, -6.0733e+01,  ..., -1.8281e+01,
          -1.8253e+01, -1.7095e+01],
         [-4.7842e+01, -7.2254e+01, -2.1886e+01,  ..., -2.0862e+01,
          -1.5546e+01, -8.6253e+00],
         [ 7.9702e+00,  6.7135e+01,  1.5245e+02,  ...,  4.1422e+01,
           4.6756e+01,  4.9695e+01]],

        [[-8.2420e+01, -7.7953e+01, -8.3862e+01,  ...,  1.2498e-01,
           2.1901e-01,  2.4841e-01],
         [-1.7944e+01, -9.4513e+01, -1.2557e+02,  ...,  3.6503e-01,
           3.3886e-01,  3.9390e-01],
         [-2.1259e+01,  7.3547e+00,  1.5513e+02,  ...,  1.6342e+01,
           1.5512e+01,  1.4760e+01]]], device='cuda:0')
EKF_out = tensor([[[ 6.5102e-02,  6.9765e-01,  1.3144e+00,  ..., -1.3603e+01,
          -1.2433e+01, -1.0924e+01],
         [ 2.3700e+00,  2.7999e+00,  3.5891e+00,  ..., -9.0644e+00,
          -5.8175e+00, -2.9129e+00],
         [-3.3496e-01, -7.1498e-02, -1.3274e-01,  ...,  3.9735e+01,
           3.9922e+01,  3.9110e+01]],

        [[ 3.3372e+00,  3.9350e+00,  4.6876e+00,  ..., -9.7889e+00,
          -9.1141e+00, -8.4448e+00],
         [ 3.7417e+00,  5.8983e+00,  8.1062e+00,  ..., -6.8931e+00,
          -5.8877e+00, -5.0792e+00],
         [ 1.7573e+00,  1.9700e+00,  2.1454e+00,  ...,  3.2382e+01,
           3.1913e+01,  3.1261e+01]],

        [[ 4.6890e+00,  5.7872e+00,  7.2817e+00,  ..., -7.9482e+00,
          -5.6381e+00, -3.5406e+00],
         [ 9.1674e+00,  1.1624e+01,  1.5087e+01,  ...,  4.0490e+00,
           5.5151e+00,  6.2404e+00],
         [ 5.5960e-01,  1.5504e+00,  2.9622e+00,  ...,  3.9484e+01,
           3.6952e+01,  3.4545e+01]],

        ...,

        [[-1.5341e+02, -1.4778e+02, -7.8522e+01,  ...,  1.1550e-01,
           1.2142e-01,  1.4810e-01],
         [-9.6453e+01, -1.3542e+02,  5.2324e+02,  ...,  1.5623e-01,
           1.5326e-01,  2.0825e-01],
         [ 1.4448e+01,  2.9680e+02,  6.0691e+02,  ...,  2.0002e+01,
           1.8921e+01,  1.7935e+01]],

        [[-6.4972e+01, -6.4189e+01, -6.0768e+01,  ..., -1.8243e+01,
          -1.8217e+01, -1.7090e+01],
         [-4.7674e+01, -7.2233e+01, -2.1821e+01,  ..., -2.0934e+01,
          -1.5620e+01, -8.7345e+00],
         [ 7.6422e+00,  6.7205e+01,  1.5249e+02,  ...,  4.1489e+01,
           4.6752e+01,  4.9736e+01]],

        [[-8.1383e+01, -7.7489e+01, -8.3668e+01,  ...,  2.4976e-01,
           1.8708e-01,  2.2669e-01],
         [-1.8186e+01, -9.4246e+01, -1.2529e+02,  ...,  4.0114e-01,
           3.1065e-01,  3.7700e-01],
         [-2.1259e+01,  7.5376e+00,  1.5480e+02,  ...,  1.6298e+01,
           1.5462e+01,  1.4694e+01]]], device='cuda:0')
EKF_out_partial = tensor([[[ 1.9794e-02,  6.5970e-01,  1.2825e+00,  ..., -1.3574e+01,
          -1.2410e+01, -1.0911e+01],
         [ 2.3871e+00,  2.8003e+00,  3.5833e+00,  ..., -9.2014e+00,
          -5.9760e+00, -3.0882e+00],
         [-3.0693e-01, -4.0484e-02, -1.0082e-01,  ...,  3.9761e+01,
           3.9962e+01,  3.9168e+01]],

        [[ 3.3053e+00,  3.8982e+00,  4.6545e+00,  ..., -9.7666e+00,
          -9.0983e+00, -8.4364e+00],
         [ 3.7801e+00,  5.9220e+00,  8.1230e+00,  ..., -7.0095e+00,
          -6.0137e+00, -5.2131e+00],
         [ 1.7506e+00,  1.9815e+00,  2.1632e+00,  ...,  3.2420e+01,
           3.1956e+01,  3.1312e+01]],

        [[ 4.5440e+00,  5.6681e+00,  7.1823e+00,  ..., -7.9700e+00,
          -5.6777e+00, -3.5967e+00],
         [ 9.2463e+00,  1.1655e+01,  1.5077e+01,  ...,  3.8176e+00,
           5.2867e+00,  6.0178e+00],
         [ 6.2509e-01,  1.6180e+00,  3.0357e+00,  ...,  3.9597e+01,
           3.7083e+01,  3.4681e+01]],

        ...,

        [[-1.5153e+02, -1.4432e+02, -7.7989e+01,  ...,  2.9609e-02,
           3.6628e-02,  6.3479e-02],
         [-9.9321e+01, -1.3813e+02,  5.1322e+02,  ..., -2.9661e-02,
          -3.0576e-02,  2.4659e-02],
         [ 1.5458e+01,  2.9751e+02,  6.1300e+02,  ...,  1.9996e+01,
           1.8914e+01,  1.7928e+01]],

        [[-6.4034e+01, -6.2981e+01, -5.9838e+01,  ..., -1.8204e+01,
          -1.8179e+01, -1.7058e+01],
         [-4.8902e+01, -7.3350e+01, -2.4030e+01,  ..., -2.1051e+01,
          -1.5783e+01, -8.9455e+00],
         [ 7.9413e+00,  6.7350e+01,  1.5240e+02,  ...,  4.1460e+01,
           4.6730e+01,  4.9738e+01]],

        [[-8.1451e+01, -7.7219e+01, -8.3198e+01,  ...,  1.6497e-01,
           1.0407e-01,  1.4535e-01],
         [-1.9233e+01, -9.4317e+01, -1.2471e+02,  ...,  2.1717e-01,
           1.2861e-01,  1.9733e-01],
         [-2.0136e+01,  8.7347e+00,  1.5475e+02,  ...,  1.6292e+01,
           1.5456e+01,  1.4688e+01]]], device='cuda:0')
KNet_out = tensor([[[ 2.7327e+00,  2.3849e+00,  1.9469e+00,  ..., -1.3584e+01,
          -1.2400e+01, -1.0864e+01],
         [-3.8826e+00, -1.0608e+00,  6.4540e-01,  ..., -8.9929e+00,
          -5.5408e+00, -2.6493e+00],
         [ 4.2545e+00,  2.0684e+00,  1.6190e+00,  ...,  3.9755e+01,
           4.0037e+01,  3.9139e+01]],

        [[ 5.8768e+00,  5.5182e+00,  5.2669e+00,  ..., -9.8210e+00,
          -9.1273e+00, -8.4190e+00],
         [-2.1360e+00,  2.1312e+00,  5.2414e+00,  ..., -6.8481e+00,
          -5.5599e+00, -4.7976e+00],
         [ 6.0353e+00,  4.0310e+00,  3.7871e+00,  ...,  3.2401e+01,
           3.2051e+01,  3.1296e+01]],

        [[ 9.3218e+00,  8.7814e+00,  8.7186e+00,  ..., -8.1369e+00,
          -5.7749e+00, -3.6345e+00],
         [-2.8751e-01,  5.6172e+00,  1.0815e+01,  ...,  4.0476e+00,
           5.5944e+00,  6.3900e+00],
         [ 5.9262e+00,  3.8866e+00,  4.8385e+00,  ...,  3.9685e+01,
           3.7131e+01,  3.4708e+01]],

        ...,

        [[-1.5463e+02, -1.4769e+02, -7.9241e+01,  ...,  1.4011e-01,
           1.3522e-01,  1.5783e-01],
         [-8.9733e+01, -1.3586e+02,  5.1315e+02,  ...,  2.6155e-01,
           1.6695e-01,  2.5836e-01],
         [ 9.7041e+00,  2.9010e+02,  6.0559e+02,  ...,  2.0074e+01,
           1.8902e+01,  1.7942e+01]],

        [[-6.7406e+01, -6.5660e+01, -6.1730e+01,  ..., -1.8114e+01,
          -1.8136e+01, -1.7036e+01],
         [-4.1974e+01, -6.9311e+01, -2.0318e+01,  ..., -2.0778e+01,
          -1.5718e+01, -8.7732e+00],
         [ 5.8659e+00,  6.5019e+01,  1.4991e+02,  ...,  4.1410e+01,
           4.6509e+01,  4.9618e+01]],

        [[-6.7906e+01, -6.9153e+01, -7.7607e+01,  ...,  2.9904e-01,
           3.0194e-01,  2.8171e-01],
         [-4.3557e+01, -1.0306e+02, -1.2315e+02,  ...,  3.5288e-01,
           1.6510e-01,  3.9070e-01],
         [-1.0930e+01,  1.5800e+01,  1.5816e+02,  ...,  1.6277e+01,
           1.5347e+01,  1.4667e+01]]], device='cuda:0', grad_fn=<CopySlices>)
MSE_EKF_dB_avg = -15.461681365966797
MSE_EKF_dB_avg_partial = 4.274693489074707
MSE_test_dB_avg = 5.845644474029541
