time = 20240713_0858
chop = False
T = 100
T_short = 100
r2 = tensor([0.1000])
args.n_steps = 2000
args.randomInit_train = True
args.randomInit_test = True
KnownRandInit_train = False
m1x_0 = tensor([[5.],
        [2.],
        [1.]])
m2x_0 = tensor([[2.9241, 0.0000, 0.0000],
        [0.0000, 2.9241, 0.0000],
        [0.0000, 0.0000, 2.9241]])
m2x_0_gen = tensor([[9., 0., 0.],
        [0., 9., 0.],
        [0., 0., 9.]])
std_gen = 3
std_feed = 1.71
test_target = tensor([[[  4.1967,   4.3846,   4.9288,  ...,  -4.3396,  -4.3435,  -4.4492],
         [  4.0534,   6.1469,   8.3055,  ...,  -4.3449,  -4.6941,  -5.1822],
         [  2.5499,   2.8066,   3.1689,  ...,  22.8543,  21.9932,  21.2257]],

        [[  5.0452,   4.7389,   4.9390,  ...,  -9.7633,  -8.8032,  -7.8977],
         [  1.8625,   4.4395,   6.8392,  ...,  -5.4376,  -4.2007,  -3.2595],
         [  1.0810,   1.2206,   1.6198,  ...,  33.9834,  33.2277,  32.1489]],

        [[  4.3413,   4.4051,   4.8917,  ..., -12.8793, -10.6187,  -8.1353],
         [  3.5337,   5.9334,   8.3973,  ...,  -2.4036,   1.4082,   4.0854],
         [ -0.7358,  -0.3960,   0.2032,  ...,  44.2790,  42.5505,  40.0519]],

        ...,

        [[  5.9868,   6.0953,   6.7853,  ...,  -8.2694,  -7.4958,  -6.7638],
         [  5.3810,   8.3748,  11.4825,  ...,  -4.3300,  -3.6560,  -3.1795],
         [  1.8971,   2.4271,   3.3145,  ...,  31.7494,  30.7524,  29.6348]],

        [[  5.9961,   5.8847,   6.2428,  ...,  -9.9722,  -9.9029,  -9.7312],
         [  3.8786,   6.8621,   9.7679,  ...,  -9.8240,  -9.3524,  -8.8566],
         [  2.0582,   2.4005,   3.0656,  ...,  29.1898,  29.5833,  29.8580]],

        [[  1.5597,   1.6002,   1.8007,  ..., -13.8380, -13.0621, -11.8001],
         [  1.4958,   2.3924,   3.2845,  ..., -10.9269,  -7.8377,  -4.8575],
         [  0.1357,   0.1593,   0.1961,  ...,  38.6402,  39.5388,  39.3444]]],
       device='cuda:0')
EKF_out = tensor([[[  3.9440,   4.3198,   4.9470,  ...,  -4.5322,  -4.5203,  -4.5634],
         [  4.6920,   6.6105,   8.8255,  ...,  -4.4587,  -4.7946,  -5.1721],
         [  2.5479,   2.7108,   3.0222,  ...,  22.9336,  22.1033,  21.3517]],

        [[  4.7611,   4.6817,   4.8428,  ...,  -9.7709,  -8.8499,  -7.9016],
         [  1.8649,   4.5834,   6.9145,  ...,  -5.3904,  -4.2048,  -3.2565],
         [  0.9292,   1.3363,   1.6826,  ...,  33.9286,  33.1425,  32.0847]],

        [[  4.2299,   4.4282,   4.8773,  ..., -12.8938, -10.6242,  -8.1818],
         [  3.7987,   5.9731,   8.4216,  ...,  -2.2986,   1.5070,   4.1778],
         [ -0.8129,  -0.3493,   0.2922,  ...,  44.2371,  42.4749,  40.0637]],

        ...,

        [[  5.7218,   6.1190,   6.8432,  ...,  -8.2596,  -7.4868,  -6.7359],
         [  5.1840,   8.2551,  11.4516,  ...,  -4.2282,  -3.5599,  -3.1000],
         [  1.9118,   2.2343,   3.2231,  ...,  31.8207,  30.8555,  29.7310]],

        [[  6.3027,   6.2068,   6.4716,  ...,  -9.9590,  -9.9255,  -9.7978],
         [  4.1312,   7.1049,   9.9143,  ...,  -9.9428,  -9.5071,  -8.9694],
         [  2.0032,   2.4118,   3.1774,  ...,  29.1584,  29.5939,  29.8974]],

        [[  1.3168,   1.4473,   1.8042,  ..., -13.8163, -12.9900, -11.7831],
         [  1.4434,   2.1980,   3.3506,  ..., -10.7915,  -7.7720,  -4.8389],
         [ -0.1046,   0.1189,   0.2014,  ...,  38.5692,  39.3798,  39.2660]]],
       device='cuda:0')
EKF_out_partial = tensor([[[  3.9110,   4.2843,   4.9112,  ...,  -4.5920,  -4.5748,  -4.6132],
         [  4.7118,   6.6222,   8.8239,  ...,  -4.5925,  -4.9205,  -5.2915],
         [  2.5612,   2.7323,   3.0537,  ...,  23.0735,  22.2380,  21.4815]],

        [[  4.7488,   4.6615,   4.8206,  ...,  -9.7523,  -8.8382,  -7.8988],
         [  1.9302,   4.6344,   6.9489,  ...,  -5.5211,  -4.3445,  -3.4028],
         [  0.8767,   1.3117,   1.6778,  ...,  33.9765,  33.1977,  32.1495]],

        [[  4.1558,   4.3662,   4.8238,  ..., -12.8810, -10.6258,  -8.2000],
         [  3.8807,   6.0306,   8.4491,  ...,  -2.5035,   1.2887,   3.9554],
         [ -0.8202,  -0.3446,   0.3141,  ...,  44.2999,  42.5685,  40.1837]],

        ...,

        [[  5.6712,   6.0649,   6.7927,  ...,  -8.2516,  -7.4870,  -6.7443],
         [  5.2456,   8.3013,  11.4710,  ...,  -4.3656,  -3.7031,  -3.2455],
         [  1.9012,   2.2439,   3.2508,  ...,  31.8770,  30.9211,  29.8043]],

        [[  6.2717,   6.1706,   6.4353,  ...,  -9.9337,  -9.9010,  -9.7761],
         [  4.2032,   7.1603,   9.9445,  ..., -10.0132,  -9.5869,  -9.0594],
         [  1.9628,   2.3984,   3.1864,  ...,  29.2008,  29.6329,  29.9365]],

        [[  1.2918,   1.4260,   1.7826,  ..., -13.7863, -12.9643, -11.7647],
         [  1.4644,   2.2102,   3.3524,  ..., -10.9166,  -7.9190,  -5.0049],
         [ -0.1005,   0.1265,   0.2178,  ...,  38.5909,  39.4119,  39.3138]]],
       device='cuda:0')
KNet_out = tensor([[[  4.0656,   4.3565,   4.9308,  ...,  -4.5016,  -4.5065,  -4.5483],
         [  4.5788,   6.5615,   8.7535,  ...,  -4.4318,  -4.7405,  -5.0832],
         [  2.5187,   2.7132,   3.0678,  ...,  22.9830,  22.1566,  21.4263]],

        [[  4.3948,   4.5225,   4.7513,  ...,  -9.7678,  -8.8665,  -7.9217],
         [  2.3339,   4.7935,   7.0650,  ...,  -5.4568,  -4.2392,  -3.2583],
         [  0.9609,   1.3910,   1.7345,  ...,  33.8350,  33.0975,  32.0650]],

        [[  4.1862,   4.3586,   4.8341,  ..., -12.9053, -10.7082,  -8.2734],
         [  3.8821,   6.0951,   8.5334,  ...,  -2.2914,   1.3845,   4.0693],
         [ -0.8001,  -0.3345,   0.2919,  ...,  44.2925,  42.5060,  40.1301]],

        ...,

        [[  5.5907,   5.9810,   6.7342,  ...,  -8.1677,  -7.3993,  -6.6628],
         [  5.3237,   8.2158,  11.3577,  ...,  -4.0873,  -3.4856,  -3.0662],
         [  1.8791,   2.2676,   3.2328,  ...,  31.8316,  30.8170,  29.6735]],

        [[  5.9599,   5.9843,   6.3705,  ...,  -9.8270,  -9.7949,  -9.6280],
         [  4.5338,   7.3469,  10.1418,  ...,  -9.7471,  -9.3369,  -8.7786],
         [  1.9786,   2.4298,   3.1802,  ...,  29.2496,  29.6306,  29.9283]],

        [[  1.6245,   1.6483,   1.8551,  ..., -13.8149, -13.0208, -11.8141],
         [  1.0955,   2.1391,   3.2554,  ..., -10.7536,  -7.8294,  -4.8992],
         [ -0.0864,   0.1337,   0.2337,  ...,  38.5247,  39.3172,  39.2726]]],
       device='cuda:0', grad_fn=<CopySlices>)
MSE_EKF_dB_avg = -18.967166900634766
MSE_EKF_dB_avg_partial = -16.100910186767578
MSE_test_dB_avg = -17.861011505126953
