time = 20240711_1559
chop = False
T = 100
T_short = 100
r2 = tensor([0.1000])
args.n_steps = 5000
args.randomInit_train = True
args.randomInit_test = True
KnownRandInit_train = False
m1x_0 = tensor([[10.],
        [ 5.],
        [ 2.]])
m2x_0 = tensor([[25.,  0.,  0.],
        [ 0.,  4.,  0.],
        [ 0.,  0.,  9.]])
m2x_0_gen = tensor([[9., 0., 0.],
        [0., 9., 0.],
        [0., 0., 9.]])
std_gen = 3
std_feed = 20
test_target = tensor([[[ 4.9556e-01,  9.5083e-01,  1.4960e+00,  ..., -1.2054e+01,
          -1.1175e+01, -1.0128e+01],
         [ 3.1117e+00,  3.4497e+00,  4.1044e+00,  ..., -8.4211e+00,
          -6.2576e+00, -4.3551e+00],
         [ 4.4732e-01,  4.5216e-01,  5.6559e-01,  ...,  3.6622e+01,
           3.6683e+01,  3.6044e+01]],

        [[ 4.2915e+00,  4.6596e+00,  5.3792e+00,  ..., -9.1781e+00,
          -9.4388e+00, -9.6409e+00],
         [ 5.1382e+00,  7.2628e+00,  9.6291e+00,  ..., -1.0618e+01,
          -1.0760e+01, -1.0861e+01],
         [ 2.6174e+00,  2.9009e+00,  3.5135e+00,  ...,  2.6028e+01,
           2.6614e+01,  2.7201e+01]],

        [[ 4.3159e+00,  5.0967e+00,  6.1949e+00,  ..., -6.1916e+00,
          -6.5295e+00, -6.9155e+00],
         [ 7.4776e+00,  9.6745e+00,  1.2220e+01,  ..., -7.6810e+00,
          -8.3400e+00, -9.0347e+00],
         [ 3.1214e+00,  3.6098e+00,  4.4966e+00,  ...,  2.1392e+01,
           2.1253e+01,  2.1273e+01]],

        ...,

        [[-1.5698e+02, -1.4468e+02, -7.6860e+01,  ..., -7.0474e-02,
          -3.0799e-02, -3.8512e-02],
         [-8.4187e+01, -9.3898e+01,  4.7803e+02,  ...,  9.7382e-02,
           3.7879e-02,  2.5909e-02],
         [ 2.4178e+01,  2.6953e+02,  4.7322e+02,  ...,  2.2297e+01,
           2.1181e+01,  2.0038e+01]],

        [[-5.6137e+01, -5.4191e+01, -5.0501e+01,  ..., -6.1457e+00,
          -6.3947e+00, -6.6539e+00],
         [-3.9163e+01, -5.0474e+01, -1.8167e+01,  ..., -7.3070e+00,
          -7.5205e+00, -7.8265e+00],
         [ 1.6910e+01,  5.7897e+01,  1.0675e+02,  ...,  2.5067e+01,
           2.4649e+01,  2.4322e+01]],

        [[-7.6863e+01, -7.4145e+01, -7.7654e+01,  ...,  1.7957e-01,
           1.4781e-01,  2.5095e-01],
         [-2.8223e+01, -9.2509e+01, -9.4087e+01,  ...,  2.6353e-01,
           3.0248e-01,  3.0112e-01],
         [-1.6015e+01,  2.5736e+01,  1.6118e+02,  ...,  1.0936e+01,
           1.0336e+01,  9.7372e+00]]], device='cuda:0')
EKF_out = tensor([[[ 4.0634e-01,  8.6780e-01,  1.5858e+00,  ..., -1.2201e+01,
          -1.1373e+01, -1.0324e+01],
         [ 3.0561e+00,  3.3004e+00,  4.1555e+00,  ..., -8.7608e+00,
          -6.6161e+00, -4.6344e+00],
         [-2.5104e-02,  3.1122e-01,  5.4650e-01,  ...,  3.6483e+01,
           3.6626e+01,  3.6129e+01]],

        [[ 4.5259e+00,  4.9656e+00,  5.5088e+00,  ..., -9.2397e+00,
          -9.4845e+00, -9.6812e+00],
         [ 5.1309e+00,  7.4661e+00,  9.7318e+00,  ..., -1.0659e+01,
          -1.0746e+01, -1.0751e+01],
         [ 2.5998e+00,  2.8144e+00,  3.5578e+00,  ...,  2.6111e+01,
           2.6679e+01,  2.7256e+01]],

        [[ 4.2959e+00,  5.1161e+00,  6.2262e+00,  ..., -6.1441e+00,
          -6.5004e+00, -6.8989e+00],
         [ 7.1809e+00,  9.6756e+00,  1.2142e+01,  ..., -7.7080e+00,
          -8.4098e+00, -9.1268e+00],
         [ 3.2966e+00,  3.5201e+00,  4.4047e+00,  ...,  2.1369e+01,
           2.1193e+01,  2.1195e+01]],

        ...,

        [[-1.5709e+02, -1.4445e+02, -7.6638e+01,  ...,  4.8158e-02,
           8.7997e-03, -3.0911e-02],
         [-8.4442e+01, -9.3181e+01,  4.7873e+02,  ...,  4.8798e-02,
           8.6799e-03, -4.4831e-02],
         [ 2.4773e+01,  2.6993e+02,  4.7212e+02,  ...,  2.2321e+01,
           2.1144e+01,  2.0029e+01]],

        [[-5.6347e+01, -5.4093e+01, -5.0527e+01,  ..., -6.1668e+00,
          -6.3895e+00, -6.6243e+00],
         [-3.8727e+01, -4.9782e+01, -1.7836e+01,  ..., -7.3607e+00,
          -7.5843e+00, -7.8630e+00],
         [ 1.6833e+01,  5.7532e+01,  1.0633e+02,  ...,  2.4999e+01,
           2.4561e+01,  2.4249e+01]],

        [[-7.7261e+01, -7.4152e+01, -7.7618e+01,  ...,  1.0696e-01,
           1.6525e-01,  1.5004e-01],
         [-2.8740e+01, -9.2420e+01, -9.3258e+01,  ...,  1.6394e-01,
           2.7665e-01,  2.6160e-01],
         [-1.5631e+01,  2.6601e+01,  1.6166e+02,  ...,  1.0851e+01,
           1.0326e+01,  9.7139e+00]]], device='cuda:0')
EKF_out_partial = tensor([[[ 3.5429e-01,  8.2743e-01,  1.5537e+00,  ..., -1.2173e+01,
          -1.1349e+01, -1.0309e+01],
         [ 3.0617e+00,  3.2913e+00,  4.1411e+00,  ..., -8.8828e+00,
          -6.7550e+00, -4.7879e+00],
         [ 2.0512e-02,  3.5277e-01,  5.8412e-01,  ...,  3.6512e+01,
           3.6662e+01,  3.6177e+01]],

        [[ 4.4839e+00,  4.9205e+00,  5.4666e+00,  ..., -9.2255e+00,
          -9.4671e+00, -9.6597e+00],
         [ 5.1623e+00,  7.4852e+00,  9.7291e+00,  ..., -1.0711e+01,
          -1.0800e+01, -1.0807e+01],
         [ 2.6093e+00,  2.8367e+00,  3.5911e+00,  ...,  2.6187e+01,
           2.6745e+01,  2.7311e+01]],

        [[ 4.2314e+00,  5.0474e+00,  6.1676e+00,  ..., -6.1701e+00,
          -6.5195e+00, -6.9121e+00],
         [ 7.1957e+00,  9.6723e+00,  1.2123e+01,  ..., -7.7942e+00,
          -8.4872e+00, -9.1973e+00],
         [ 3.3450e+00,  3.5802e+00,  4.4616e+00,  ...,  2.1486e+01,
           2.1302e+01,  2.1297e+01]],

        ...,

        [[-1.5522e+02, -1.4083e+02, -7.5615e+01,  ..., -3.5964e-02,
          -7.5877e-02, -1.1565e-01],
         [-8.7466e+01, -9.5832e+01,  4.7025e+02,  ..., -1.3558e-01,
          -1.7618e-01, -2.2972e-01],
         [ 2.6014e+01,  2.7165e+02,  4.7851e+02,  ...,  2.2314e+01,
           2.1138e+01,  2.0024e+01]],

        [[-5.5402e+01, -5.3013e+01, -4.9627e+01,  ..., -6.2355e+00,
          -6.4581e+00, -6.6916e+00],
         [-3.9937e+01, -5.0931e+01, -1.9550e+01,  ..., -7.5687e+00,
          -7.7837e+00, -8.0530e+00],
         [ 1.7129e+01,  5.7845e+01,  1.0662e+02,  ...,  2.5042e+01,
           2.4621e+01,  2.4325e+01]],

        [[-7.7039e+01, -7.3536e+01, -7.6920e+01,  ...,  4.6942e-02,
           1.0748e-01,  9.6910e-02],
         [-2.9778e+01, -9.2694e+01, -9.3442e+01,  ...,  2.2018e-02,
           1.3913e-01,  1.3412e-01],
         [-1.4789e+01,  2.7427e+01,  1.6129e+02,  ...,  1.0846e+01,
           1.0321e+01,  9.7092e+00]]], device='cuda:0')
KNet_out = tensor([[[ 4.8432e-01,  9.8089e-01,  1.4954e+00,  ..., -1.2055e+01,
          -1.1204e+01, -1.0145e+01],
         [ 3.0710e+00,  3.4080e+00,  4.1595e+00,  ..., -8.4794e+00,
          -6.3635e+00, -4.4882e+00],
         [ 3.8843e-01,  4.0355e-01,  5.9855e-01,  ...,  3.6481e+01,
           3.6533e+01,  3.5962e+01]],

        [[ 4.2813e+00,  4.6471e+00,  5.3534e+00,  ..., -9.2224e+00,
          -9.4742e+00, -9.6902e+00],
         [ 5.1616e+00,  7.3439e+00,  9.6975e+00,  ..., -1.0575e+01,
          -1.0637e+01, -1.0652e+01],
         [ 2.6238e+00,  2.9480e+00,  3.5363e+00,  ...,  2.6236e+01,
           2.6794e+01,  2.7346e+01]],

        [[ 4.3121e+00,  5.0739e+00,  6.1415e+00,  ..., -6.1907e+00,
          -6.5208e+00, -6.9279e+00],
         [ 7.4617e+00,  9.6450e+00,  1.2175e+01,  ..., -7.6128e+00,
          -8.3758e+00, -9.0546e+00],
         [ 3.0805e+00,  3.5867e+00,  4.4698e+00,  ...,  2.1361e+01,
           2.1150e+01,  2.1201e+01]],

        ...,

        [[-1.5702e+02, -1.4478e+02, -7.6934e+01,  ...,  7.5079e-02,
           4.8951e-02,  5.2228e-03],
         [-8.4137e+01, -9.3837e+01,  4.7847e+02,  ..., -3.7367e-02,
          -1.7399e-01, -2.8527e-01],
         [ 2.4145e+01,  2.6961e+02,  4.7351e+02,  ...,  2.2261e+01,
           2.1048e+01,  1.9905e+01]],

        [[-5.6123e+01, -5.4116e+01, -5.0371e+01,  ..., -6.1049e+00,
          -6.3554e+00, -6.6181e+00],
         [-3.9143e+01, -5.0307e+01, -1.7914e+01,  ..., -7.3705e+00,
          -7.6232e+00, -7.8713e+00],
         [ 1.6888e+01,  5.7961e+01,  1.0673e+02,  ...,  2.4949e+01,
           2.4481e+01,  2.4204e+01]],

        [[-7.6851e+01, -7.4089e+01, -7.7649e+01,  ...,  5.2507e-02,
           8.2010e-02,  9.9372e-02],
         [-2.8218e+01, -9.2429e+01, -9.4170e+01,  ...,  1.4892e-01,
           3.0108e-01,  1.7095e-01],
         [-1.6104e+01,  2.5697e+01,  1.6091e+02,  ...,  1.0867e+01,
           1.0425e+01,  9.6757e+00]]], device='cuda:0', grad_fn=<CopySlices>)
MSE_EKF_dB_avg = -18.268064498901367
MSE_EKF_dB_avg_partial = 4.2614665031433105
MSE_test_dB_avg = -15.962262153625488
