time = 20240705_0917
chop = True
T = 100
T_short = 30
r2 = tensor([0.1000])
args.n_steps = 1100
args.randomInit_train = True
args.randomInit_test = True
KnownRandInit_train = False
m1x_0 = tensor([[20.],
        [ 5.],
        [ 1.]])
m2x_0 = tensor([[400.,   0.,   0.],
        [  0., 400.,   0.],
        [  0.,   0., 400.]])
m2x_0_gen = tensor([[9., 0., 0.],
        [0., 9., 0.],
        [0., 0., 9.]])
std_gen = 3
std_feed = 20
test_target = tensor([[[  5.1011,   5.8369,   6.9759,  ...,   8.6692,   7.9145,   7.1549],
         [  8.0706,  10.5084,  13.2157,  ...,   4.9648,   4.2689,   3.7644],
         [  4.0161,   4.6741,   5.7655,  ...,  31.7042,  30.7976,  29.9118]],

        [[ -3.3304,  -3.8272,  -4.5550,  ...,  16.5541,  17.6667,  17.9857],
         [ -5.1820,  -7.1058,  -9.3894,  ...,  23.7355,  21.7943,  17.6132],
         [ -0.8664,  -0.4803,   0.1509,  ...,  32.3246,  38.5868,  44.1603]],

        [[  0.3682,   0.6324,   0.9597,  ...,   9.6274,   9.9318,  10.1609],
         [  1.8627,   2.0927,   2.4538,  ...,  11.2486,  11.3660,  11.2707],
         [  3.8948,   3.7034,   3.5140,  ...,  26.3442,  27.1973,  27.9767]],

        ...,

        [[ -0.2890,   0.4928,   1.1790,  ..., -15.3350, -14.8183, -13.6750],
         [  4.0253,   4.0363,   4.4131,  ..., -14.2348, -10.5373,  -6.4814],
         [  0.1343,   0.1875,   0.2112,  ...,  39.3929,  41.5888,  42.3536]],

        [[  3.4890,   3.8708,   4.5857,  ...,  -8.2530,  -7.0263,  -5.9245],
         [  4.5965,   6.5192,   8.6662,  ...,  -2.1090,  -1.1389,  -0.4822],
         [  0.6611,   0.9687,   1.4859,  ...,  34.1112,  32.6561,  31.0979]],

        [[  1.0185,   0.7381,   0.5630,  ...,  12.0002,  14.3818,  16.8709],
         [ -0.7700,  -0.3676,  -0.0499,  ...,  23.2805,  26.7032,  29.0907],
         [  4.6286,   4.3225,   4.0947,  ...,  13.1795,  18.5016,  25.6643]]],
       device='cuda:0')
EKF_out = tensor([[[  4.8452,   5.6742,   7.0050,  ...,   8.7284,   7.9883,   7.2985],
         [  8.1271,  10.6113,  13.4440,  ...,   5.2451,   4.4853,   3.9835],
         [  3.8343,   4.6117,   5.6841,  ...,  31.6430,  30.8220,  29.8921]],

        [[ -3.5352,  -3.8292,  -4.6249,  ...,  16.5640,  17.6052,  17.9924],
         [ -5.8510,  -7.3625,  -9.5626,  ...,  23.7185,  21.6953,  17.5846],
         [ -0.8559,  -0.5857,   0.1234,  ...,  32.3790,  38.4945,  44.1291]],

        [[ -0.0737,   0.5297,   0.8468,  ...,   9.5282,   9.8528,  10.1645],
         [  1.7245,   2.0434,   2.3784,  ...,  11.2309,  11.3515,  11.3599],
         [  3.7212,   3.3568,   3.2169,  ...,  26.2407,  26.9627,  27.8584]],

        ...,

        [[  0.5679,   1.1261,   1.4239,  ..., -15.2924, -14.7683, -13.6395],
         [  3.7597,   4.3266,   4.4267,  ..., -14.2241, -10.5798,  -6.5746],
         [  0.2171,   0.1209,   0.2055,  ...,  39.2780,  41.4557,  42.2591]],

        [[  3.7686,   4.0296,   4.7466,  ...,  -8.3145,  -7.0696,  -5.9117],
         [  4.1775,   6.1426,   8.5252,  ...,  -2.1045,  -1.1366,  -0.4733],
         [  0.8010,   1.2822,   1.5618,  ...,  34.1686,  32.6923,  31.1773]],

        [[  0.6015,   0.3809,   0.4636,  ...,  11.9913,  14.3342,  16.7482],
         [ -1.0401,  -0.6302,  -0.0594,  ...,  23.3775,  26.7186,  29.0358],
         [  4.6110,   4.3374,   4.0572,  ...,  13.2548,  18.5088,  25.6150]]],
       device='cuda:0')
EKF_out_partial = tensor([[[ 4.7725e+00,  5.6045e+00,  6.9439e+00,  ...,  8.7603e+00,
           8.0166e+00,  7.3222e+00],
         [ 8.1434e+00,  1.0601e+01,  1.3418e+01,  ...,  5.1915e+00,
           4.4220e+00,  3.9124e+00],
         [ 3.8905e+00,  4.6767e+00,  5.7459e+00,  ...,  3.1638e+01,
           3.0812e+01,  2.9877e+01]],

        [[-3.4490e+00, -3.7544e+00, -4.5573e+00,  ...,  1.6549e+01,
           1.7602e+01,  1.8004e+01],
         [-5.8963e+00, -7.3837e+00, -9.5669e+00,  ...,  2.3709e+01,
           2.1697e+01,  1.7587e+01],
         [-8.9590e-01, -6.3603e-01,  5.5767e-02,  ...,  3.2323e+01,
           3.8451e+01,  4.4100e+01]],

        [[-3.7205e-02,  5.5057e-01,  8.5690e-01,  ...,  9.5269e+00,
           9.8588e+00,  1.0177e+01],
         [ 1.6588e+00,  1.9975e+00,  2.3398e+00,  ...,  1.1231e+01,
           1.1358e+01,  1.1369e+01],
         [ 3.7516e+00,  3.3830e+00,  3.2426e+00,  ...,  2.6158e+01,
           2.6894e+01,  2.7803e+01]],

        ...,

        [[ 5.0714e-01,  1.0707e+00,  1.3819e+00,  ..., -1.5254e+01,
          -1.4732e+01, -1.3612e+01],
         [ 3.7647e+00,  4.3172e+00,  4.4085e+00,  ..., -1.4334e+01,
          -1.0722e+01, -6.7478e+00],
         [ 2.7288e-01,  1.7685e-01,  2.5342e-01,  ...,  3.9277e+01,
           4.1461e+01,  4.2283e+01]],

        [[ 3.7101e+00,  3.9775e+00,  4.6997e+00,  ..., -8.3145e+00,
          -7.0795e+00, -5.9321e+00],
         [ 4.2282e+00,  6.1699e+00,  8.5363e+00,  ..., -2.2679e+00,
          -1.3024e+00, -6.3997e-01],
         [ 8.0796e-01,  1.3019e+00,  1.5917e+00,  ...,  3.4243e+01,
           3.2776e+01,  3.1271e+01]],

        [[ 7.0095e-01,  4.5234e-01,  5.1208e-01,  ...,  1.1969e+01,
           1.4312e+01,  1.6727e+01],
         [-1.1084e+00, -6.7677e-01, -8.9717e-02,  ...,  2.3342e+01,
           2.6682e+01,  2.8996e+01],
         [ 4.5811e+00,  4.3140e+00,  4.0389e+00,  ...,  1.3258e+01,
           1.8511e+01,  2.5614e+01]]], device='cuda:0')
KNet_out = tensor([[[ 17.7360,  17.1494,  17.2416,  ...,   8.6770,   7.9149,   7.2428],
         [ 14.8079,  23.3985,  29.6177,  ...,   5.2530,   4.4078,   3.9312],
         [  1.4936,   5.4205,  12.2915,  ...,  31.6181,  30.7916,  29.8570]],

        [[ 16.8596,  15.2849,  13.6269,  ...,  16.4737,  17.5517,  17.9137],
         [ 15.1644,  22.5708,  26.0574,  ...,  23.6347,  21.6610,  17.5683],
         [  0.5956,   3.9065,   9.4137,  ...,  32.2543,  38.4022,  44.0393]],

        [[ 17.3054,  16.4620,  16.3818,  ...,   9.5431,   9.8945,  10.1543],
         [ 14.8386,  23.0013,  28.7772,  ...,  11.2449,  11.3671,  11.3466],
         [  0.8300,   4.5815,  10.6306,  ...,  26.2441,  26.9776,  27.9346]],

        ...,

        [[ 17.4472,  16.7569,  15.9400,  ..., -15.2799, -14.7588, -13.6370],
         [ 15.0058,  23.3718,  28.3619,  ..., -14.1472, -10.5161,  -6.5578],
         [  1.2987,   5.0665,  11.6523,  ...,  39.2133,  41.3701,  42.1518]],

        [[ 17.5347,  16.9098,  17.2616,  ...,  -8.3096,  -7.0687,  -5.8829],
         [ 15.0097,  23.3947,  29.6685,  ...,  -2.1291,  -1.1326,  -0.3940],
         [  1.4686,   5.1831,  11.7114,  ...,  34.1270,  32.6767,  31.2084]],

        [[ 17.2081,  16.5557,  16.5271,  ...,  11.9602,  14.3140,  16.6655],
         [ 14.8381,  22.8871,  28.9111,  ...,  23.3408,  26.6994,  28.9990],
         [  0.6512,   3.8763,  10.0231,  ...,  13.2645,  18.5105,  25.6670]]],
       device='cuda:0', grad_fn=<CopySlices>)
MSE_test_linear_arr = tensor([21.1109, 71.4877, 39.4777, 57.6299, 38.4838, 43.9643, 43.9261, 40.5821,
        38.2576, 43.6175, 45.1040, 39.2112, 34.2646, 44.4103, 53.2990, 47.6388,
        44.0041, 51.3172, 34.7370, 38.5838, 32.9088, 44.9284, 67.3645, 49.2827,
        33.6103, 56.1465, 44.8953, 39.0061, 47.6207, 45.6957, 47.9694, 37.3547,
        38.6041, 42.1723, 49.9619, 15.7522, 40.7735, 40.3286, 38.7215, 42.3665,
        52.0113, 31.1666, 39.8555, 36.8719, 40.9917, 37.1355, 37.2693, 32.4210,
        46.2873, 52.3262, 40.8022, 39.2456, 40.4746, 32.4403, 64.1012, 47.4962,
        40.8838, 36.9092, 44.8475, 22.2599, 51.0484, 42.6222, 39.9573, 54.4634,
        52.5968, 47.6437, 35.4495, 26.8168, 45.2089, 37.2509, 35.1904, 47.1679,
        38.0268, 47.5855, 48.4408, 51.8253, 32.4371, 57.5786, 38.5835, 42.9411,
        18.3232, 47.8647, 40.7487, 51.9090, 32.6276, 41.8040, 47.4173, 33.7218,
        37.2692, 37.1376, 30.5900, 23.4135, 63.1148, 53.3594, 37.0519, 35.6982,
        41.3977, 43.1977, 52.8972, 39.4404, 45.6888, 35.7254, 27.7574, 74.8017,
        39.4896, 39.8347, 43.4611, 50.8351, 36.7648, 13.2674, 33.7239, 20.9755,
        38.6674, 36.8547, 44.9815, 58.7719, 46.7502, 35.5882, 33.4355, 35.8857,
        44.0296, 52.7794, 37.7619, 31.2929, 55.1164, 64.7261, 38.7480, 35.6753,
        52.7098, 38.9514, 48.0993, 24.4587, 72.6787, 44.5333, 57.2504, 30.6934,
        18.8459, 51.4605, 51.9004, 34.4340, 41.8973, 51.0812, 57.3400, 34.3262,
        26.5358, 42.2247, 37.6425, 41.9198, 70.6238, 44.1820, 21.2809, 44.3662,
        45.2005, 42.1551, 37.4390, 43.2471, 29.5292, 68.5014, 43.2067, 70.0773,
        23.7744, 36.6755, 51.1629, 26.6436, 57.0402, 53.6747, 39.6576, 50.9617,
        38.2329, 40.4421, 60.0909, 39.3568, 35.5438, 39.9439, 52.2287, 36.0822,
        34.6882, 33.9381, 32.6602, 41.2337, 43.8795, 35.1260, 54.1571, 61.5268,
        45.3452, 38.1107, 35.1392, 76.0351, 39.8639, 34.8238, 48.9872, 41.5577,
        28.4269, 48.8654, 38.9933, 47.1483, 41.9383, 41.6032, 38.1123, 48.5122])
MSE_test_linear_avg = 42.54277038574219
MSE_test_dB_avg = 16.288257598876953
MSE_train_dB_epoch = tensor([ -4.6059,  -3.2164, -10.6263,  ..., -20.2919, -21.2785, -20.3453])
MSE_cv_dB_epoch = tensor([22.4489, 21.8196, 21.3698,  ..., 16.5744, 16.5868, 16.5977])
