time = 20240710_1111
chop = False
T = 100
T_short = 100
r2 = tensor([0.1000])
args.n_steps = 5000
args.randomInit_train = True
args.randomInit_test = True
KnownRandInit_train = False
m1x_0 = tensor([[20.],
        [ 5.],
        [ 1.]])
m2x_0 = tensor([[400.,   0.,   0.],
        [  0., 400.,   0.],
        [  0.,   0., 400.]])
m2x_0_gen = tensor([[9., 0., 0.],
        [0., 9., 0.],
        [0., 0., 9.]])
std_gen = 3
std_feed = 20
test_target = tensor([[[  0.5207,   0.5470,   0.5613,  ...,  -8.8264,  -9.3046,  -9.7679],
         [  0.2505,   0.4876,   0.7918,  ..., -11.1355, -11.5587, -11.8231],
         [  2.2937,   2.1566,   1.9821,  ...,  24.5615,  25.2328,  26.0399]],

        [[  5.2065,   5.5412,   6.3747,  ...,  -6.0511,  -4.6314,  -3.3419],
         [  5.7320,   8.5683,  11.5122,  ...,   1.5725,   2.2333,   2.5017],
         [  0.6447,   1.2275,   2.1258,  ...,  33.8655,  31.9375,  30.0815]],

        [[ 10.3428,  10.6619,  11.7049,  ...,   4.4638,   3.7657,   3.1894],
         [  9.5901,  13.9761,  18.2366,  ...,   0.6189,   0.5104,   0.5976],
         [  5.7077,   7.3585,  10.0228,  ...,  28.4825,  27.0639,  25.6579]],

        ...,

        [[  9.3420,   9.9830,  11.3709,  ...,  -2.5110,  -1.6304,  -0.8819],
         [ 10.6636,  15.3214,  20.0582,  ...,   2.2066,   2.1628,   2.1649],
         [  2.2992,   4.1787,   7.1430,  ...,  27.9354,  26.3852,  24.9988]],

        [[ 26.7625,  25.8642,  26.8510,  ...,  -8.2806,  -7.3514,  -6.4801],
         [ 15.7122,  27.4959,  35.0985,  ...,  -3.5469,  -2.8142,  -2.3030],
         [  4.6969,  12.4343,  25.8693,  ...,  32.3447,  31.2068,  30.0068]],

        [[ 32.7280,  32.4527,  33.7288,  ...,  13.0119,  11.3902,   9.5444],
         [ 24.7735,  37.8173,  40.8401,  ...,   6.0441,   2.7183,   0.1065],
         [  6.9768,  22.2362,  45.4118,  ...,  41.2142,  40.5412,  39.0252]]],
       device='cuda:0')
EKF_out = tensor([[[  0.4660,   0.4104,   0.3706,  ...,  -8.9021,  -9.3429,  -9.7831],
         [  0.2074,   0.2475,   0.5063,  ..., -11.1757, -11.5666, -11.8569],
         [  2.0691,   2.0695,   1.9202,  ...,  24.5586,  25.2493,  26.0689]],

        [[  5.2530,   5.5452,   6.3011,  ...,  -6.1083,  -4.6500,  -3.3884],
         [  6.1497,   8.7799,  11.5661,  ...,   1.6421,   2.2219,   2.4906],
         [  0.2879,   0.9536,   1.9808,  ...,  33.8960,  31.9817,  30.1508]],

        [[ 10.2974,  10.5877,  11.5119,  ...,   4.5709,   3.8407,   3.2454],
         [  9.6601,  14.1350,  18.1097,  ...,   0.5945,   0.5524,   0.6007],
         [  5.9307,   7.5501,   9.8887,  ...,  28.2961,  26.9173,  25.5994]],

        ...,

        [[  8.8294,   9.8721,  11.4753,  ...,  -2.4691,  -1.6375,  -0.9503],
         [ 10.7013,  15.2406,  20.2637,  ...,   2.1821,   2.1448,   2.0751],
         [  2.7177,   4.4504,   7.2354,  ...,  28.0791,  26.5526,  25.0872]],

        [[ 26.7106,  25.5628,  26.6645,  ...,  -8.3043,  -7.3611,  -6.4937],
         [ 16.1736,  27.6809,  35.2594,  ...,  -3.5362,  -2.7423,  -2.2312],
         [  4.3397,  12.2956,  25.6284,  ...,  32.6361,  31.4522,  30.1990]],

        [[ 32.3272,  32.2500,  33.6538,  ...,  12.9744,  11.4195,   9.5805],
         [ 25.0364,  37.9465,  41.0506,  ...,   6.0065,   2.7170,   0.0768],
         [  7.0994,  22.4780,  45.4262,  ...,  41.1438,  40.4829,  38.9238]]],
       device='cuda:0')
EKF_out_partial = tensor([[[ 4.9906e-01,  4.3686e-01,  3.8553e-01,  ..., -8.9278e+00,
          -9.3594e+00, -9.7912e+00],
         [ 1.7996e-01,  2.2888e-01,  4.8962e-01,  ..., -1.1282e+01,
          -1.1658e+01, -1.1937e+01],
         [ 2.0640e+00,  2.0628e+00,  1.9197e+00,  ...,  2.4665e+01,
           2.5352e+01,  2.6167e+01]],

        [[ 5.1511e+00,  5.4575e+00,  6.2294e+00,  ..., -6.1331e+00,
          -4.6869e+00, -3.4364e+00],
         [ 6.2344e+00,  8.8267e+00,  1.1581e+01,  ...,  1.4512e+00,
           2.0330e+00,  2.3040e+00],
         [ 3.0347e-01,  9.8545e-01,  2.0215e+00,  ...,  3.4002e+01,
           3.2095e+01,  3.0267e+01]],

        [[ 1.0234e+01,  1.0521e+01,  1.1451e+01,  ...,  4.5872e+00,
           3.8503e+00,  3.2486e+00],
         [ 9.7351e+00,  1.4177e+01,  1.8121e+01,  ...,  4.9803e-01,
           4.5342e-01,  5.0032e-01],
         [ 5.9178e+00,  7.5743e+00,  9.9274e+00,  ...,  2.8257e+01,
           2.6874e+01,  2.5552e+01]],

        ...,

        [[ 8.6916e+00,  9.7511e+00,  1.1372e+01,  ..., -2.5257e+00,
          -1.7017e+00, -1.0208e+00],
         [ 1.0805e+01,  1.5299e+01,  2.0273e+01,  ...,  2.0013e+00,
           1.9644e+00,  1.8951e+00],
         [ 2.7496e+00,  4.5004e+00,  7.3000e+00,  ...,  2.8192e+01,
           2.6660e+01,  2.5187e+01]],

        [[ 2.6502e+01,  2.5379e+01,  2.6526e+01,  ..., -8.3001e+00,
          -7.3663e+00, -6.5076e+00],
         [ 1.6560e+01,  2.7966e+01,  3.5417e+01,  ..., -3.6849e+00,
          -2.8948e+00, -2.3851e+00],
         [ 4.1544e+00,  1.2283e+01,  2.5697e+01,  ...,  3.2702e+01,
           3.1528e+01,  3.0283e+01]],

        [[ 3.2014e+01,  3.2013e+01,  3.3508e+01,  ...,  1.3023e+01,
           1.1471e+01,  9.6317e+00],
         [ 2.5471e+01,  3.8220e+01,  4.1161e+01,  ...,  5.9897e+00,
           2.6713e+00,  3.9000e-03],
         [ 6.9698e+00,  2.2526e+01,  4.5528e+01,  ...,  4.1148e+01,
           4.0486e+01,  3.8917e+01]]], device='cuda:0')
KNet_out = tensor([[[ 2.6371e-01,  4.1360e-01,  2.3512e-01,  ..., -8.8446e+00,
          -9.3245e+00, -9.7892e+00],
         [ 1.2751e-01,  1.4452e-01,  4.8267e-01,  ..., -1.1267e+01,
          -1.1622e+01, -1.1979e+01],
         [ 2.1327e+00,  2.1894e+00,  1.9185e+00,  ...,  2.4728e+01,
           2.5380e+01,  2.6087e+01]],

        [[ 5.2492e+00,  5.4307e+00,  6.2173e+00,  ..., -6.1017e+00,
          -4.6728e+00, -3.4276e+00],
         [ 6.0684e+00,  8.7578e+00,  1.1561e+01,  ...,  1.5953e+00,
           2.1767e+00,  2.4290e+00],
         [ 2.8851e-02,  9.3115e-01,  2.0421e+00,  ...,  3.3900e+01,
           3.1972e+01,  3.0146e+01]],

        [[ 1.0542e+01,  1.0540e+01,  1.1496e+01,  ...,  4.5975e+00,
           3.8691e+00,  3.2630e+00],
         [ 9.5713e+00,  1.4168e+01,  1.8050e+01,  ...,  6.2518e-01,
           5.6588e-01,  6.0716e-01],
         [ 5.9180e+00,  7.5347e+00,  9.7633e+00,  ...,  2.8357e+01,
           2.7008e+01,  2.5698e+01]],

        ...,

        [[ 9.0929e+00,  1.0042e+01,  1.1507e+01,  ..., -2.4139e+00,
          -1.6002e+00, -9.2462e-01],
         [ 1.0508e+01,  1.5276e+01,  2.0345e+01,  ...,  2.1198e+00,
           2.0610e+00,  2.0278e+00],
         [ 2.3740e+00,  4.3966e+00,  7.1899e+00,  ...,  2.8049e+01,
           2.6528e+01,  2.5065e+01]],

        [[ 2.5722e+01,  2.4964e+01,  2.6313e+01,  ..., -8.3189e+00,
          -7.3869e+00, -6.5583e+00],
         [ 1.6978e+01,  2.7994e+01,  3.5317e+01,  ..., -3.7854e+00,
          -2.9671e+00, -2.4581e+00],
         [ 4.6437e+00,  1.2546e+01,  2.5762e+01,  ...,  3.2556e+01,
           3.1421e+01,  3.0198e+01]],

        [[ 3.1759e+01,  3.1890e+01,  3.3573e+01,  ...,  1.3030e+01,
           1.1435e+01,  9.5758e+00],
         [ 2.5455e+01,  3.8188e+01,  4.1190e+01,  ...,  5.9914e+00,
           2.7157e+00,  6.9474e-02],
         [ 7.0243e+00,  2.2571e+01,  4.5447e+01,  ...,  4.1230e+01,
           4.0613e+01,  3.9031e+01]]], device='cuda:0', grad_fn=<CopySlices>)
MSE_test_linear_arr = tensor([0.0176, 0.0140, 0.0109, 0.0148, 0.0212, 0.0137, 0.0158, 0.0162, 0.0111,
        0.0270, 0.0136, 0.0258, 0.0184, 0.0246, 0.0347, 0.0184, 0.0124, 0.0152,
        0.0184, 0.0190, 0.0193, 0.0214, 0.0277, 0.0161, 0.0219, 0.0152, 0.0197,
        0.0194, 0.0142, 0.0351, 0.0169, 0.0156, 0.0162, 0.0248, 0.0205, 0.0218,
        0.0222, 0.0165, 0.0131, 0.0164, 0.0152, 0.0141, 0.0202, 0.0096, 0.0160,
        0.0176, 0.0153, 0.0232, 0.0206, 0.0199, 0.0117, 0.0156, 0.0232, 0.0193,
        0.0227, 0.0200, 0.0133, 0.0177, 0.0247, 0.0201, 0.0119, 0.0124, 0.0165,
        0.0164, 0.0189, 0.0239, 0.0152, 0.0135, 0.0116, 0.0249, 0.0115, 0.0152,
        0.0168, 0.0205, 0.0310, 0.0191, 0.0154, 0.0141, 0.0161, 0.0271, 0.0259,
        0.0134, 0.0165, 0.0225, 0.0183, 0.0186, 0.0126, 0.0177, 0.0106, 0.0198,
        0.0166, 0.0142, 0.0133, 0.0159, 0.0216, 0.0204, 0.0226, 0.0219, 0.0121,
        0.0215, 0.0150, 0.0218, 0.0190, 0.0145, 0.0190, 0.0116, 0.0187, 0.0148,
        0.0251, 0.0389, 0.0175, 0.0146, 0.0153, 0.0149, 0.0224, 0.0395, 0.0175,
        0.0173, 0.0206, 0.0151, 0.0169, 0.0186, 0.0118, 0.0128, 0.0155, 0.0205,
        0.0183, 0.0139, 0.0091, 0.0219, 0.0164, 0.0154, 0.0199, 0.0172, 0.0290,
        0.0149, 0.0158, 0.0149, 0.0213, 0.0271, 0.0160, 0.0194, 0.0148, 0.0128,
        0.0241, 0.0178, 0.0147, 0.0134, 0.0137, 0.0212, 0.0185, 0.0140, 0.0132,
        0.0189, 0.0236, 0.0279, 0.0139, 0.0144, 0.0167, 0.0161, 0.0163, 0.0212,
        0.0116, 0.0140, 0.0282, 0.0149, 0.0176, 0.0152, 0.0173, 0.0259, 0.0238,
        0.0258, 0.0172, 0.0158, 0.0129, 0.0151, 0.0178, 0.0165, 0.0188, 0.0170,
        0.0126, 0.0242, 0.0128, 0.0162, 0.0197, 0.0162, 0.0090, 0.0193, 0.0151,
        0.0238, 0.0202, 0.0142, 0.0144, 0.0133, 0.0268, 0.0162, 0.0105, 0.0144,
        0.0318, 0.0203])
MSE_test_linear_avg = 0.01813959889113903
MSE_test_dB_avg = -17.41372299194336
MSE_train_dB_epoch = tensor([ 45.9901,  34.3681,  33.5874,  ..., -16.9635, -17.0004, -17.0399])
MSE_cv_dB_epoch = tensor([ 40.5185,  33.3703,  33.2272,  ..., -17.2432, -17.2435, -17.2473])
